175264938423981756869735241647823519291546387538179462752318694384692175916457823
146895732379624851258317964524961387687453129931278546493786215812549673765132498
428197563317256498956843721892471635735968142641325987583614279169782354274539816
312846975647295138985317246169782453873154692524639817496578321738921564251463789
968315247275849631413726895137598462892164573654273918389457126526931784741682359
529684137376251984814739652295143768763928541148576293932815476687492315451367829
719856423284793516563142978471635289952487361638219754827364195396521847145978632
945816327238475169716239485827563914361947258459128736574382691683791542192654873
614875293592143867783962451436587912859216734127394685378621549261459378945738126
784162539352498671619753284926574318543821967871639425235987146198246753467315892
415869273796321854832547169179654382658293741324718596967135428543982617281476935
346821975189753462725649813251368794697514328438297651862935147913472586574186239
748352916139476285256981347812537469397648152465219738973165824624893571581724693
913427586758136492642598371827351649431869257596742138284673915165984723379215864
291376845843215967657948132974531628312689574568427319129753486435862791786194253
478563192631297584952418376543182967819674253267935841396841725185726439724359618
725931486913468725468275193381592647549687312672314958234759861196823574857146239
418352769625974381793618452179536824542891637386247195931765248257483916864129573
863217594174935682925468173352186749741392865689574231597641328416823957238759416
492718365758936412361542987647329158915687243823154796176893524534261879289475631