100260008000080750000000040600003000090040080000100002050000000084090000900057003
006005702070020050200300900500900300080050020001008506003006005010540070700100400
400007500017050400950043720000400605705000102001005000583600009009080050000500006
300000005007205100085010240060080050003104600020030010096070320008901500200000009
000305000005040600010000090100090002090104070600070008080000020006030700000602000
020604030300050904004700600000000768000000000148000000002005400607090005050307020
009050023080700000503002900400035200900000001008210004007300105000001040140070600
040806327000000060000009480807000900360040000059008706004000000680000002000050070
004800003090040060700002400400507900059010030007300005008600009060050070900008106
000002539050000600000750004006074008000801000800630400200087000008000050467300000
005800003090020050800007100100004300050090040004700006007100008040080010200006900
040001075000003060000000800001060704697500328408090601002000000010400000570100030
048000906000406000056081300800037000097000150000210008003160820000803000501000600
900000006008106400040090070020050040001809200090040030080070010005904700300000004
200370805800005000607040030004000000012000570000000300020050406000800001706094003
000003090600200500000018300040100060009070203000005001306800000080000400720009000
025001400900400000008270100300500600040607010002004008004059800000003004007100230
400302009005904300090010050170000024002000600380000095030060040007403900800109003
803007500004935002000400100050006040001000800080500030007001008400823900000700400
402700300008006400000500080047000108010000040803000790070003004004200800009005601